FP:
3.7878586435878416 0
13.575981231447129 0
17.595229994552444 0
29.664596953745328 0
3.3940182730739195 0
11.160344534691658 0
16.463548736706482 0
35.94951361840222 0
9.328433294251802 0
38.090140779715675 0
15.030690085251006 0
32.8625895133545 0
10.105733548189185 0
5.999563994505801 0
12.92624058377182 0
36.362398247529754 0
24.789387783955224 0
33.5046623209625 0
10.495838289937737 0
11.698123889528206 0
21.867016840760957 0
12.944059948247041 0
10.136788336529847 0
9.998119502366121 0
12.28623209240371 0
36.7242176107355 0
9.515910509808661 0
14.710964580110181 0
9.822149237335028 0
2.9633260970506385 0
23.186664449038858 0
4.480520571978013 0
FN:
79.41966279212154 1
71.40222043780504 1
86.05866761567465 1
113.11036629505858 1
63.16587930309568 1
60.953638201904695 1
70.01596569512039 1
108.20795977122253 1
53.505541290998465 1
117.22742017454306 1
47.20865440546102 1
62.69390129698365 1
59.786004323005606 1
46.400297301708115 1
79.51613727154633 1
73.1516790264773 1
